2662
1339
93
2520
252
69
2593
404
289
1457
951
862
2028
899
624
2157
1193
2871
1059
259
127
1618
1088
929
2453
2315
1392
1117
2239
1327
1315
2228
2833
643
864
710
1006
342
2303
1471
541
1307
160
364
81
2649
1882
1857
2549
678
1920
776
487
414
1045
251
2164
68
937
1677
1476
1165
1962
143
1722
1029
1386
35
2913
1152
852
568
2588
2717
1819
755
566
2373
2665
2510
2259
2689
649
2394
1453
2346
230
2819
460
1841
275
1366
2794
2064
1901
17
1641
2051
1263
1847
1944
1397
2826
1352
1187
770
1594
290
2322
1599
695
1271
2166
2217
1475
1313
749
269
1683
1157
216
2454
2311
577
2202
653
1854
912
1924
322
1402
663
315
1293
823
1042
266
1577
1635
2530
1138
243
2580
95
628
2847
1668
588
2268
1373
369
107
1632
2490
2086
2249
2150
1393
117
2917
1435
1410
2674
373
2869
1503
1902
183
490
2706
3
2521
685
1316
2068
997
2107
2167
805
10
1266
1644
552
2953
1296
2031
825
2206
1574
1891
1873
1460
1718
1095
2728
2207
226
2124
945
1485
99
2561
1370
263
586
947
1174
19
1252
43
2225
2907
170
2766
2123
419
1573
2472
1077
976
1916
816
1130
1647
803
2590
1588
1500
1789
2860
1524
1168
2082
2182
2691
711
1085
2651
2188
1849
2648
2148
1810
926
2961
1444
1652
2652
2868
509
1182
1746
241
1616
2782
1356
2586
1518
2462
1161
2183
2451
1384
2002
684
2941
727
863
1387
1426
1788
1595
1966
1481
2498
1992
1665
1626
56
1
391
2992
1015
2986
337
1942
1076
928
65
670
859
688
465
2696
427
1923
2278
1062
789
1265
1442
1721
2587
2779
1759
2117
790
960
1462
931
1792
2459
370
2016
347
1000
2650
2934
1658
1361
1119
736
1278
1016
2802
1566
2741
2347
1553
1938
2440
2125
1550
2294
399
558
184
1959
139
38
2104
2208
2757
1673
237
58
1931
504
1411
855
2607
602
1852
1501
743
2314
2223
2950
1613
2908
524
1490
2667
910
1075
1617
2789
817
692
2795
1621
2257
1911
2338
1521
2343
2566
1509
417
1050
527
1586
2518
1470
1692
1547
2056
2645
916
88
492
2299
873
1267
2005
2327
1982
1291
2141
2686
720
987
824
1691
2513
2980
1399
2748
715
1196
1859
2997
2904
150
2439
2383
70
734
1376
1047
1880
1534
1765
2611
1465
254
339
239
2527
1543
1275
1363
2807
1531
646
2033
2076
2896
201
2970
2296
440
876
1856
2887
2598
1221
1408
1311
2673
2178
2452
2059
2079
1049
2726
1061
2509
1188
2920
496
190
2377
1794
2382
1037
334
1150
1680
1563
2469
2172
589
1890
1482
352
2928
2867
53
134
1349
1587
921
984
2349
2981
388
2013
2375
2943
686
1986
238
1094
217
2749
977
499
889
461
836
2578
2158
1260
54
444
57
1028
2539
207
1461
2309
353
762
2666
167
94
2902
1244
2711
119
2075
1610
851
1190
1997
1013
1513
1230
754
145
2499
630
958
699
888
1755
132
441
625
832
723
2496
680
932
1334
2900
1548
1114
1369
1446
178
1209
448
2528
796
2949
2532
1913
22
772
2273
1946
546
957
7
2677
1451
848
467
2501
2966
582
2069
1329
2205
2387
1131
780
2678
603
675
1918
701
1724
1285
1985
1530
591
1107
258
599
159
883
1708
115
2562
215
880
1203
2708
990
1385
1597
90
1167
2404
33
777
2618
1100
1681
1596
1281
2799
1614
925
2129
1214
1585
621
1467
971
1041
2430
27
2210
2710
340
2353
819
2592
2838
941
1703
981
1116
732
881
2599
1404
66
2255
384
1505
722
1458
982
2591
438
29
486
778
1688
2960
673
2221
1904
2073
605
1562
40
813
196
1623
2644
1970
274
2864
2483
2623
1159
1389
169
494
703
395
841
911
421
844
351
1310
900
1983
682
1204
786
968
773
411
795
505
1824
843
2281
914
2215
1394
2290
2545
2758
2764
2972
2285
180
697
1801
661
1791
1290
1487
2136
2834
374
422
2395
650
1141
2600
336
601
2231
1070
397
1685
590
87
1136
1239
1439
2817
77
1619
2004
2214
1337
2407
2703
2746
2447
1998
1405
165
2636
199
2579
2664
264
400
300
249
2633
2319
2040
2246
597
1122
2216
1622
2856
2890
1592
2731
1124
1274
181
1302
1611
1771
1955
135
1898
938
2108
2049
1667
2161
2679
2601
1883
869
2568
1514
2449
1937
623
408
2109
1954
569
2422
2835
571
1424
708
567
2111
1699
2608
2811
2085
74
2192
1189
730
1845
256
1706
1853
2823
1148
913
1682
1540
331
2626
2594
1097
738
1972
2332
1317
1757
870
1906
2637
2301
1864
456
1850
2219
2486
197
110
2720
1868
717
1169
1600
1034
2120
2653
2385
205
829
545
2742
2597
92
2940
2512
2531
1499
837
2761
522
810
2063
508
2196
1874
1910
1425
2378
2137
212
1663
2372
853
1701
1809
1756
2122
2915
2252
2127
2493
2879
2503
1079
224
1428
1878
820
1726
1280
1631
1173
713
2003
2300
868
2983
1060
406
1766
1380
2702
1952
1277
1630
1093
2030
18
2875
714
1784
1073
495
705
2854
31
842
1080
1414
1639
1253
1242
349
2097
2312
1536
652
498
1118
2044
96
187
1155
838
2796
1289
517
1633
355
1735
846
2491
1731
1064
700
2307
2851
2134
2668
779
1132
294
2996
1915
1660
2176
655
1684
2924
1842
2964
2609
2945
2993
1546
578
691
1160
2048
531
1345
788
59
1051
2110
1636
1035
1695
1375
1800
192
807
1807
2389
2222
735
2201
2780
2233
1488
2971
1245
2465
1862
1480
2146
319
1218
1438
518
792
854
26
